00000013.ppm,303,8,424,142
00000014.ppm,303,12,423,149
00000015.ppm,299,12,419,139
00000016.ppm,298,12,420,145
00000017.ppm,299,11,418,143
00000018.ppm,301,9,422,142
00000019.ppm,300,8,424,145
00000020.ppm,300,11,430,143
00000021.ppm,303,13,420,142
00000022.ppm,299,12,421,149
00000023.ppm,296,8,416,147
00000024.ppm,299,17,417,145
00000025.ppm,307,15,420,145
00000026.ppm,303,9,425,149
00000027.ppm,308,12,425,144
00000028.ppm,310,13,433,143
00000029.ppm,303,11,427,142
00000030.ppm,298,9,423,147
00000031.ppm,301,9,426,144
00000032.ppm,304,11,432,146
