00000011.ppm,328,9,456,147
00000012.ppm,322,6,450,146
00000013.ppm,326,13,450,149
00000014.ppm,327,13,447,148
00000015.ppm,318,5,451,151
00000016.ppm,312,7,443,141
00000017.ppm,312,11,440,145
00000018.ppm,314,5,438,142
00000019.ppm,314,7,438,147
00000020.ppm,311,13,440,145
00000021.ppm,310,8,436,141
00000022.ppm,310,8,439,146
00000023.ppm,314,11,435,145
00000024.ppm,313,10,432,144
00000025.ppm,315,12,438,145
00000026.ppm,316,12,440,145
00000027.ppm,309,10,441,143
00000028.ppm,311,9,438,146
00000029.ppm,312,12,435,144
00000030.ppm,315,8,439,147
00000031.ppm,312,8,442,144
00000032.ppm,316,9,441,146
