00000010.ppm,490,30,572,141
00000011.ppm,485,32,581,141
00000012.ppm,485,31,580,141
00000013.ppm,483,28,575,145
00000014.ppm,482,31,578,143
00000015.ppm,478,30,583,143
00000016.ppm,481,31,581,143
00000017.ppm,482,31,579,144
00000018.ppm,479,32,578,144
00000019.ppm,484,33,580,144
00000020.ppm,479,31,577,144
00000021.ppm,481,29,576,145
00000022.ppm,484,30,571,144
00000023.ppm,476,29,583,148
00000024.ppm,481,27,583,146
00000025.ppm,480,32,577,142
00000026.ppm,480,32,586,148
00000027.ppm,480,28,587,146
00000028.ppm,481,30,587,144
00000029.ppm,478,33,589,145
00000030.ppm,483,26,583,148
00000031.ppm,479,33,581,147
00000032.ppm,479,28,584,150
00000033.ppm,481,30,575,143
00000034.ppm,479,31,575,146
00000035.ppm,480,32,586,146
00000036.ppm,481,30,582,151
00000037.ppm,484,29,577,145
00000038.ppm,476,33,580,144
