00000010.ppm,206,24,300,144
00000011.ppm,214,22,317,142
00000012.ppm,215,24,310,137
00000013.ppm,209,27,308,143
00000014.ppm,209,20,305,142
00000015.ppm,213,26,311,139
00000016.ppm,193,23,297,148
00000017.ppm,203,22,302,145
00000018.ppm,205,25,304,150
00000019.ppm,212,23,307,148
00000020.ppm,209,27,308,151
00000021.ppm,202,29,305,148
00000022.ppm,196,27,299,144
00000023.ppm,194,25,301,147
00000024.ppm,195,25,300,147
00000025.ppm,205,28,305,148
00000026.ppm,205,29,306,144
00000027.ppm,197,28,301,144
00000028.ppm,199,25,292,145
00000029.ppm,199,25,299,147
00000030.ppm,201,30,304,143
00000031.ppm,197,28,304,150
00000032.ppm,208,29,307,150
00000033.ppm,194,31,304,150
00000034.ppm,206,26,303,148
00000035.ppm,195,25,303,145
00000036.ppm,200,33,307,149
00000037.ppm,194,26,298,147
00000038.ppm,199,28,299,146
